{
 "cells": [
  {
   "cell_type": "markdown",
   "metadata": {},
   "source": [
    "## Loading Features (with generic numpy loading function) & Parcellations (with ci_lib package)\n",
    "\n",
    "#### Imports"
   ]
  },
  {
   "cell_type": "code",
   "execution_count": 2,
   "metadata": {},
   "outputs": [],
   "source": [
    "# Loading \n",
    "from pathlib import Path\n",
    "from os import path\n",
    "import sys\n",
    "from os import listdir\n",
    "from os.path import isfile, join\n",
    "\n",
    "# Custom library from WIPAR\n",
    "sys.path.append(str((Path.cwd().parent))) #use local version of ci_lib during development\n",
    "import ci_lib\n",
    "from ci_lib.utils import snakemake_tools\n",
    "from ci_lib.features import Features, Means, Raws, Covariances, AutoCovariances, Moup, AutoCorrelations, FeatureType\n",
    "from ci_lib.plotting import graph_circle_plot, plot_glassbrain_bokeh, draw_neural_activity\n",
    "from ci_lib import DecompData\n",
    "from ci_lib.feature_selection import RFE_pipeline\n",
    "from ci_lib.networks import construct_network, construct_network_from_feat, add_bokeh_attributes\n",
    "\n",
    "# Processing\n",
    "import numpy as np\n",
    "import networkx as nx\n",
    "\n",
    "# Dict Formating\n",
    "import json     \n",
    "import collections\n",
    "import pandas as pd\n",
    "\n",
    "# Plotting\n",
    "import plotly.express as px\n",
    "from plotly.subplots import make_subplots\n",
    "import plotly.graph_objects as go\n",
    "import pickle\n"
   ]
  },
  {
   "cell_type": "code",
   "execution_count": 3,
   "metadata": {},
   "outputs": [],
   "source": [
    "#Helper functions\n",
    "def print_dict_keys(print_dict,level=0):\n",
    "    if type(print_dict) is dict:\n",
    "        print(f\"Level {level}:\",end=\" \")\n",
    "        print(list(print_dict.keys()))\n",
    "        print_dict_keys(next(iter(print_dict.values())),level+1)\n",
    "    else:\n",
    "        print(f\"Example shape of Value (feature): {print_dict.shape}\")\n",
    "\n",
    "def dict_to_shapes(dict_):\n",
    "    if type(dict_) is dict:\n",
    "        dict_ = dict_.copy()\n",
    "        for key,val in dict_.items():\n",
    "            dict_[key] = dict_to_shapes(val)\n",
    "        return dict_\n",
    "    else:\n",
    "        return len(dict_)\n",
    "\n",
    "#Used to get session name on last dim\n",
    "def get_key_last_dim(rec_dict):\n",
    "    #Look one level ahead\n",
    "    if type(rec_dict) is dict:\n",
    "        arbitary_next_dict = next(iter(rec_dict.values()))\n",
    "    else:\n",
    "        print(\"not a  dict\")\n",
    "        print(type(rec_dict))\n",
    "        return rec_dict\n",
    "\n",
    "    if type(arbitary_next_dict) is dict:\n",
    "        #If still dict continue recursion with next element\n",
    "        return get_key_last_dim(arbitary_next_dict)\n",
    "    else:\n",
    "        #Else return a key from current level\n",
    "        return list(rec_dict.keys())[0]  #TODO this will break if 'All' becomes first entry as it has no parcellation and is only the aggregation of the features from different sessions\n"
   ]
  },
  {
   "cell_type": "markdown",
   "metadata": {},
   "source": [
    "## Loading\n",
    "* Feature Values (exported, can be loaded using generic numpy loading function)\n",
    "* Parcellations to get labels of nodes (custom class, load with ci_lib package)"
   ]
  },
  {
   "cell_type": "code",
   "execution_count": 4,
   "metadata": {},
   "outputs": [
    {
     "name": "stdout",
     "output_type": "stream",
     "text": [
      "Loaded feature dict from: /home/kuehn/WIPAR/calcium-imaging-analysis/results/exports/feats_hashce9d60696cbe4f9c18f97cd3815bf40e.npy\n",
      "With the following structure:\n",
      "Level 0: ['LocaNMF', 'anatomical']\n",
      "Level 1: ['dFC', 'FC']\n",
      "Level 2: ['LR-LS', 'LR-RS', 'RR-LS', 'RR-RS']\n",
      "Level 3: ['All#64d69c09']\n",
      "Level 4: ['All#64d69c09']\n",
      "Example shape of Value (feature): (2549, 134, 138, 138)\n"
     ]
    }
   ],
   "source": [
    "import os\n",
    "''' \n",
    "Example of loading exports from WIPAR:\n",
    "    Load dictionary that aggregates Feature Values {Parcellation x Feature x Condition x  (Combined Sessions + Indivdual Sessions)}\n",
    "'''\n",
    "\n",
    "#Manually define export file for loading (otherwise most recent export is loaded)\n",
    "overwrite_file= \"feats_hashce9d60696cbe4f9c18f97cd3815bf40e.npy\"\n",
    "\n",
    "export_path = Path.cwd().parent/\"results/exports/\"\n",
    "\n",
    "if overwrite_file is not None:\n",
    "    #Loads manually defined export file\n",
    "    loading_path = export_path/overwrite_file\n",
    "else:\n",
    "    #Iterates all export files to find most recent\n",
    "    files = [export_path/f for f in listdir(export_path) if isfile(join(export_path, f))]\n",
    "    try:\n",
    "        loading_path = files[np.argmin([os.path.getmtime(f) for f in files])]\n",
    "\n",
    "    except ValueError as err:\n",
    "        if 'empty sequence' in str(err):\n",
    "            print(\"Export folder is empty, run the feature rule first\")\n",
    "            loading_path = None \n",
    "\n",
    "#Loading\n",
    "if loading_path is not None:   \n",
    "    with open(loading_path, 'rb') as file:\n",
    "            feat_dict = pickle.load(file)\n",
    "    #feat_dict = np.load(loading_path, allow_pickle=True).tolist()\n",
    "    \n",
    "\n",
    "    print(f\"Loaded feature dict from: {loading_path}\")\n",
    "    print(\"With the following structure:\")\n",
    "    print_dict_keys(feat_dict)\n",
    "\n",
    "\n",
    "\n"
   ]
  },
  {
   "cell_type": "code",
   "execution_count": 5,
   "metadata": {},
   "outputs": [
    {
     "ename": "FileNotFoundError",
     "evalue": "[Errno 2] Unable to open file (unable to open file: name = '/home/kuehn/WIPAR/calcium-imaging-analysis/results/data/All#64d69c09/LocaNMF/data.h5', errno = 2, error message = 'No such file or directory', flags = 0, o_flags = 0)",
     "output_type": "error",
     "traceback": [
      "\u001b[0;31m---------------------------------------------------------------------------\u001b[0m",
      "\u001b[0;31mFileNotFoundError\u001b[0m                         Traceback (most recent call last)",
      "\u001b[1;32m/home/kuehn/WIPAR/calcium-imaging-analysis/examples/external_loading.ipynb Cell 6\u001b[0m in \u001b[0;36m2\n\u001b[1;32m     <a href='vscode-notebook-cell://ssh-remote%2Bnetsci-turing/home/kuehn/WIPAR/calcium-imaging-analysis/examples/external_loading.ipynb#W5sdnNjb2RlLXJlbW90ZQ%3D%3D?line=21'>22</a>\u001b[0m res_path \u001b[39m=\u001b[39m Path\u001b[39m.\u001b[39mcwd()\u001b[39m.\u001b[39mparent \u001b[39m/\u001b[39m\u001b[39m'\u001b[39m\u001b[39mresults\u001b[39m\u001b[39m'\u001b[39m \u001b[39m/\u001b[39m\u001b[39m'\u001b[39m\u001b[39mdata\u001b[39m\u001b[39m'\u001b[39m\n\u001b[1;32m     <a href='vscode-notebook-cell://ssh-remote%2Bnetsci-turing/home/kuehn/WIPAR/calcium-imaging-analysis/examples/external_loading.ipynb#W5sdnNjb2RlLXJlbW90ZQ%3D%3D?line=22'>23</a>\u001b[0m parcellation_path \u001b[39m=\u001b[39m Path(res_path\u001b[39m/\u001b[39mexample_session\u001b[39m/\u001b[39mPath(parcellation_name)\u001b[39m/\u001b[39m\u001b[39m\"\u001b[39m\u001b[39mdata.h5\u001b[39m\u001b[39m\"\u001b[39m)\n\u001b[0;32m---> <a href='vscode-notebook-cell://ssh-remote%2Bnetsci-turing/home/kuehn/WIPAR/calcium-imaging-analysis/examples/external_loading.ipynb#W5sdnNjb2RlLXJlbW90ZQ%3D%3D?line=23'>24</a>\u001b[0m parcellation[parcellation_name]\u001b[39m=\u001b[39m DecompData\u001b[39m.\u001b[39;49mload(parcellation_path)\n\u001b[1;32m     <a href='vscode-notebook-cell://ssh-remote%2Bnetsci-turing/home/kuehn/WIPAR/calcium-imaging-analysis/examples/external_loading.ipynb#W5sdnNjb2RlLXJlbW90ZQ%3D%3D?line=24'>25</a>\u001b[0m \u001b[39mprint\u001b[39m(parcellation)\n\u001b[1;32m     <a href='vscode-notebook-cell://ssh-remote%2Bnetsci-turing/home/kuehn/WIPAR/calcium-imaging-analysis/examples/external_loading.ipynb#W5sdnNjb2RlLXJlbW90ZQ%3D%3D?line=25'>26</a>\u001b[0m labels[parcellation_name] \u001b[39m=\u001b[39m parcellation[parcellation_name]\u001b[39m.\u001b[39mspatial_labels\n",
      "File \u001b[0;32m~/WIPAR/calcium-imaging-analysis/ci_lib/data.py:132\u001b[0m, in \u001b[0;36mDecompData.load\u001b[0;34m(cls, file, data_hash, try_loaded, logger)\u001b[0m\n\u001b[1;32m    130\u001b[0m     data \u001b[39m=\u001b[39m LOADED_DATA[data_hash]\n\u001b[1;32m    131\u001b[0m \u001b[39melse\u001b[39;00m:\n\u001b[0;32m--> 132\u001b[0m     loaded \u001b[39m=\u001b[39m load_h5( file,\n\u001b[1;32m    133\u001b[0m                       labels\u001b[39m=\u001b[39;49m[\u001b[39m\"\u001b[39;49m\u001b[39mdf\u001b[39;49m\u001b[39m\"\u001b[39;49m, \u001b[39m\"\u001b[39;49m\u001b[39mtemps\u001b[39;49m\u001b[39m\"\u001b[39;49m, \u001b[39m\"\u001b[39;49m\u001b[39mspats\u001b[39;49m\u001b[39m\"\u001b[39;49m, \u001b[39m\"\u001b[39;49m\u001b[39mstarts\u001b[39;49m\u001b[39m\"\u001b[39;49m,\u001b[39m\"\u001b[39;49m\u001b[39moverlap\u001b[39;49m\u001b[39m\"\u001b[39;49m,\u001b[39m\"\u001b[39;49m\u001b[39mlabels\u001b[39;49m\u001b[39m\"\u001b[39;49m,\n\u001b[1;32m    134\u001b[0m                               \u001b[39m\"\u001b[39;49m\u001b[39mmean\u001b[39;49m\u001b[39m\"\u001b[39;49m,\u001b[39m\"\u001b[39;49m\u001b[39mstdev\u001b[39;49m\u001b[39m\"\u001b[39;49m],\n\u001b[1;32m    135\u001b[0m                       logger\u001b[39m=\u001b[39;49mlogger)\n\u001b[1;32m    136\u001b[0m     \u001b[39m# pylint: disable-next=unbalanced-tuple-unpacking\u001b[39;00m\n\u001b[1;32m    137\u001b[0m     _, data_frame, temps, spats, starts, allowed_overlap, spat_labels, mean, stdev \u001b[39m=\u001b[39m loaded\n",
      "File \u001b[0;32m~/WIPAR/calcium-imaging-analysis/ci_lib/loading/_load_save_h5.py:213\u001b[0m, in \u001b[0;36mload_h5\u001b[0;34m(file, labels, logger)\u001b[0m\n\u001b[1;32m    195\u001b[0m \u001b[39mdef\u001b[39;00m \u001b[39mload_h5\u001b[39m(file, labels\u001b[39m=\u001b[39m[], logger\u001b[39m=\u001b[39mLOGGER):\n\u001b[1;32m    196\u001b[0m     \u001b[39m'''\u001b[39;00m\n\u001b[1;32m    197\u001b[0m \u001b[39m    loads attributes from HDF5 file\u001b[39;00m\n\u001b[1;32m    198\u001b[0m \n\u001b[0;32m   (...)\u001b[0m\n\u001b[1;32m    211\u001b[0m \u001b[39m        The loaded attributes\u001b[39;00m\n\u001b[1;32m    212\u001b[0m \u001b[39m    '''\u001b[39;00m\n\u001b[0;32m--> 213\u001b[0m     h5_file \u001b[39m=\u001b[39m h5py\u001b[39m.\u001b[39;49mFile(file, \u001b[39m\"\u001b[39;49m\u001b[39mr\u001b[39;49m\u001b[39m\"\u001b[39;49m)\n\u001b[1;32m    215\u001b[0m     attributes \u001b[39m=\u001b[39m []\n\u001b[1;32m    216\u001b[0m     \u001b[39mfor\u001b[39;00m label \u001b[39min\u001b[39;00m labels:\n\u001b[1;32m    217\u001b[0m         \u001b[39m# load attribute from h5_file\u001b[39;00m\n",
      "File \u001b[0;32m~/anaconda3/envs/mamba/envs/jupyter_WIPAR/lib/python3.10/site-packages/h5py/_hl/files.py:533\u001b[0m, in \u001b[0;36mFile.__init__\u001b[0;34m(self, name, mode, driver, libver, userblock_size, swmr, rdcc_nslots, rdcc_nbytes, rdcc_w0, track_order, fs_strategy, fs_persist, fs_threshold, fs_page_size, page_buf_size, min_meta_keep, min_raw_keep, locking, alignment_threshold, alignment_interval, **kwds)\u001b[0m\n\u001b[1;32m    525\u001b[0m     fapl \u001b[39m=\u001b[39m make_fapl(driver, libver, rdcc_nslots, rdcc_nbytes, rdcc_w0,\n\u001b[1;32m    526\u001b[0m                      locking, page_buf_size, min_meta_keep, min_raw_keep,\n\u001b[1;32m    527\u001b[0m                      alignment_threshold\u001b[39m=\u001b[39malignment_threshold,\n\u001b[1;32m    528\u001b[0m                      alignment_interval\u001b[39m=\u001b[39malignment_interval,\n\u001b[1;32m    529\u001b[0m                      \u001b[39m*\u001b[39m\u001b[39m*\u001b[39mkwds)\n\u001b[1;32m    530\u001b[0m     fcpl \u001b[39m=\u001b[39m make_fcpl(track_order\u001b[39m=\u001b[39mtrack_order, fs_strategy\u001b[39m=\u001b[39mfs_strategy,\n\u001b[1;32m    531\u001b[0m                      fs_persist\u001b[39m=\u001b[39mfs_persist, fs_threshold\u001b[39m=\u001b[39mfs_threshold,\n\u001b[1;32m    532\u001b[0m                      fs_page_size\u001b[39m=\u001b[39mfs_page_size)\n\u001b[0;32m--> 533\u001b[0m     fid \u001b[39m=\u001b[39m make_fid(name, mode, userblock_size, fapl, fcpl, swmr\u001b[39m=\u001b[39;49mswmr)\n\u001b[1;32m    535\u001b[0m \u001b[39mif\u001b[39;00m \u001b[39misinstance\u001b[39m(libver, \u001b[39mtuple\u001b[39m):\n\u001b[1;32m    536\u001b[0m     \u001b[39mself\u001b[39m\u001b[39m.\u001b[39m_libver \u001b[39m=\u001b[39m libver\n",
      "File \u001b[0;32m~/anaconda3/envs/mamba/envs/jupyter_WIPAR/lib/python3.10/site-packages/h5py/_hl/files.py:226\u001b[0m, in \u001b[0;36mmake_fid\u001b[0;34m(name, mode, userblock_size, fapl, fcpl, swmr)\u001b[0m\n\u001b[1;32m    224\u001b[0m     \u001b[39mif\u001b[39;00m swmr \u001b[39mand\u001b[39;00m swmr_support:\n\u001b[1;32m    225\u001b[0m         flags \u001b[39m|\u001b[39m\u001b[39m=\u001b[39m h5f\u001b[39m.\u001b[39mACC_SWMR_READ\n\u001b[0;32m--> 226\u001b[0m     fid \u001b[39m=\u001b[39m h5f\u001b[39m.\u001b[39;49mopen(name, flags, fapl\u001b[39m=\u001b[39;49mfapl)\n\u001b[1;32m    227\u001b[0m \u001b[39melif\u001b[39;00m mode \u001b[39m==\u001b[39m \u001b[39m'\u001b[39m\u001b[39mr+\u001b[39m\u001b[39m'\u001b[39m:\n\u001b[1;32m    228\u001b[0m     fid \u001b[39m=\u001b[39m h5f\u001b[39m.\u001b[39mopen(name, h5f\u001b[39m.\u001b[39mACC_RDWR, fapl\u001b[39m=\u001b[39mfapl)\n",
      "File \u001b[0;32mh5py/_objects.pyx:54\u001b[0m, in \u001b[0;36mh5py._objects.with_phil.wrapper\u001b[0;34m()\u001b[0m\n",
      "File \u001b[0;32mh5py/_objects.pyx:55\u001b[0m, in \u001b[0;36mh5py._objects.with_phil.wrapper\u001b[0;34m()\u001b[0m\n",
      "File \u001b[0;32mh5py/h5f.pyx:106\u001b[0m, in \u001b[0;36mh5py.h5f.open\u001b[0;34m()\u001b[0m\n",
      "\u001b[0;31mFileNotFoundError\u001b[0m: [Errno 2] Unable to open file (unable to open file: name = '/home/kuehn/WIPAR/calcium-imaging-analysis/results/data/All#64d69c09/LocaNMF/data.h5', errno = 2, error message = 'No such file or directory', flags = 0, o_flags = 0)"
     ]
    }
   ],
   "source": [
    "''' \n",
    "Example of loading custom classes from WIPAR:\n",
    "    Loads the DecompData object for an arbirtary session for each parcellation\n",
    "'''\n",
    "\n",
    "#Get arbitrary session from last dim of feat_dict\n",
    "example_session =   Path(get_key_last_dim(feat_dict)) \n",
    "\n",
    "#Get list of parcellations and features\n",
    "parcellations = list(feat_dict.keys())\n",
    "\n",
    "#Get feature type for arbitray parcellation\n",
    "features = list(next(iter(feat_dict.values())).keys())\n",
    "\n",
    "#Get labels for each parcellation\n",
    "labels = {}\n",
    "parcellation = {}\n",
    "\n",
    "for parcellation_name in list(feat_dict.keys()):\n",
    "\n",
    "    #Load parcellation from arbitrary session to get labels\n",
    "    res_path = Path.cwd().parent /'results' /'data'\n",
    "    parcellation_path = Path(res_path/example_session/Path(parcellation_name)/\"data.h5\")\n",
    "    parcellation[parcellation_name]= DecompData.load(parcellation_path)\n",
    "    print(parcellation)\n",
    "    labels[parcellation_name] = parcellation[parcellation_name].spatial_labels\n",
    "\n",
    "\n",
    "print(labels)\n",
    "\n",
    "#Ignore that hashes do not match, I'll remove that as hashes of dicts/objects are just not deterministic in python"
   ]
  },
  {
   "cell_type": "code",
   "execution_count": 15,
   "metadata": {},
   "outputs": [
    {
     "name": "stdout",
     "output_type": "stream",
     "text": [
      "{'LocaNMF': {'dFC': {'LR-LS': {'All#64d69c09': {'All#64d69c09': 2549}}, 'LR-RS': {'All#64d69c09': {'All#64d69c09': 932}}, 'RR-LS': {'All#64d69c09': {'All#64d69c09': 1206}}, 'RR-RS': {'All#64d69c09': {'All#64d69c09': 2637}}}, 'FC': {'LR-LS': {'All#64d69c09': {'All#64d69c09': 2549}}, 'LR-RS': {'All#64d69c09': {'All#64d69c09': 932}}, 'RR-LS': {'All#64d69c09': {'All#64d69c09': 1206}}, 'RR-RS': {'All#64d69c09': {'All#64d69c09': 2637}}}}, 'anatomical': {'dFC': {'LR-LS': {'All#64d69c09': {'All#64d69c09': 2549}}, 'LR-RS': {'All#64d69c09': {'All#64d69c09': 932}}, 'RR-LS': {'All#64d69c09': {'All#64d69c09': 1206}}, 'RR-RS': {'All#64d69c09': {'All#64d69c09': 2637}}}, 'FC': {'LR-LS': {'All#64d69c09': {'All#64d69c09': 2549}}, 'LR-RS': {'All#64d69c09': {'All#64d69c09': 932}}, 'RR-LS': {'All#64d69c09': {'All#64d69c09': 1206}}, 'RR-RS': {'All#64d69c09': {'All#64d69c09': 2637}}}}}\n",
      "[[[[ 8.65368374e-09  1.22616683e-06  1.06812450e-06 ...  1.06368301e-06\n",
      "     1.05433989e-06 -1.81904176e-08]\n",
      "   [ 1.22616683e-06  1.73739316e-04  1.51345817e-04 ...  1.50716488e-04\n",
      "     1.49392633e-04 -2.57745573e-06]\n",
      "   [ 1.06812450e-06  1.51345817e-04  1.31838647e-04 ...  1.31290433e-04\n",
      "     1.30137211e-04 -2.24524392e-06]\n",
      "   ...\n",
      "   [ 1.06368301e-06  1.50716488e-04  1.31290433e-04 ...  1.30744498e-04\n",
      "     1.29596072e-04 -2.23590770e-06]\n",
      "   [ 1.05433989e-06  1.49392633e-04  1.30137211e-04 ...  1.29596072e-04\n",
      "     1.28457733e-04 -2.21626805e-06]\n",
      "   [-1.81904176e-08 -2.57745573e-06 -2.24524392e-06 ... -2.23590770e-06\n",
      "    -2.21626805e-06  3.82370447e-08]]\n",
      "\n",
      "  [[ 3.67448830e-05  1.15784593e-04  1.03189702e-04 ...  1.10117547e-04\n",
      "     1.15690869e-04  6.74007620e-05]\n",
      "   [ 1.15784593e-04  3.64841872e-04  3.25154869e-04 ...  3.46984784e-04\n",
      "     3.64546546e-04  2.12382490e-04]\n",
      "   [ 1.03189702e-04  3.25154869e-04  2.89784965e-04 ...  3.09240251e-04\n",
      "     3.24891668e-04  1.89279812e-04]\n",
      "   ...\n",
      "   [ 1.10117547e-04  3.46984784e-04  3.09240251e-04 ...  3.30001706e-04\n",
      "     3.46703913e-04  2.01987486e-04]\n",
      "   [ 1.15690869e-04  3.64546546e-04  3.24891668e-04 ...  3.46703913e-04\n",
      "     3.64251459e-04  2.12210575e-04]\n",
      "   [ 6.74007620e-05  2.12382490e-04  1.89279812e-04 ...  2.01987486e-04\n",
      "     2.12210575e-04  1.23632526e-04]]\n",
      "\n",
      "  [[ 8.05027026e-05  1.63385647e-04  1.59894832e-04 ...  1.63786581e-04\n",
      "     1.66237306e-04  7.17793400e-05]\n",
      "   [ 1.63385647e-04  3.31602155e-04  3.24517311e-04 ...  3.32415878e-04\n",
      "     3.37389788e-04  1.45680996e-04]\n",
      "   [ 1.59894832e-04  3.24517311e-04  3.17583838e-04 ...  3.25313648e-04\n",
      "     3.30181288e-04  1.42568450e-04]\n",
      "   ...\n",
      "   [ 1.63786581e-04  3.32415878e-04  3.25313648e-04 ...  3.33231597e-04\n",
      "     3.38217713e-04  1.46038485e-04]\n",
      "   [ 1.66237306e-04  3.37389788e-04  3.30181288e-04 ...  3.38217713e-04\n",
      "     3.43278435e-04  1.48223646e-04]\n",
      "   [ 7.17793400e-05  1.45680996e-04  1.42568450e-04 ...  1.46038485e-04\n",
      "     1.48223646e-04  6.40012507e-05]]\n",
      "\n",
      "  ...\n",
      "\n",
      "  [[ 3.92644968e-05  1.43502725e-04  1.27936019e-04 ...  1.22489144e-04\n",
      "     1.32874324e-04  5.48777471e-05]\n",
      "   [ 1.43502725e-04  5.24469530e-04  4.67576789e-04 ...  4.47669713e-04\n",
      "     4.85625163e-04  2.00565572e-04]\n",
      "   [ 1.27936019e-04  4.67576789e-04  4.16855587e-04 ...  3.99107965e-04\n",
      "     4.32946132e-04  1.78808874e-04]\n",
      "   ...\n",
      "   [ 1.22489144e-04  4.47669713e-04  3.99107965e-04 ...  3.82115948e-04\n",
      "     4.14513455e-04  1.71196088e-04]\n",
      "   [ 1.32874324e-04  4.85625163e-04  4.32946132e-04 ...  4.14513455e-04\n",
      "     4.49657768e-04  1.85710862e-04]\n",
      "   [ 5.48777471e-05  2.00565572e-04  1.78808874e-04 ...  1.71196088e-04\n",
      "     1.85710862e-04  7.66994961e-05]]\n",
      "\n",
      "  [[ 3.65127507e-07 -1.11261632e-05 -8.76826983e-06 ... -7.71992866e-06\n",
      "    -9.43528679e-06  1.41256864e-06]\n",
      "   [-1.11261632e-05  3.39036376e-04  2.67186664e-04 ...  2.35241619e-04\n",
      "     2.87512001e-04 -4.30437831e-05]\n",
      "   [-8.76826983e-06  2.67186664e-04  2.10563582e-04 ...  1.85388436e-04\n",
      "     2.26581506e-04 -3.39218020e-05]\n",
      "   ...\n",
      "   [-7.71992866e-06  2.35241619e-04  1.85388436e-04 ...  1.63223250e-04\n",
      "     1.99491245e-04 -2.98660850e-05]\n",
      "   [-9.43528679e-06  2.87512001e-04  2.26581506e-04 ...  1.99491245e-04\n",
      "     2.43817940e-04 -3.65022903e-05]\n",
      "   [ 1.41256864e-06 -4.30437831e-05 -3.39218020e-05 ... -2.98660850e-05\n",
      "    -3.65022903e-05  5.46480376e-06]]\n",
      "\n",
      "  [[ 7.18544129e-05  1.50558712e-04  1.32673121e-04 ...  1.33366239e-04\n",
      "     1.52286144e-04  1.07792251e-04]\n",
      "   [ 1.50558712e-04  3.15470197e-04  2.77993980e-04 ...  2.79446292e-04\n",
      "     3.19089737e-04  2.25860345e-04]\n",
      "   [ 1.32673121e-04  2.77993980e-04  2.44969742e-04 ...  2.46249527e-04\n",
      "     2.81183537e-04  1.99029312e-04]\n",
      "   ...\n",
      "   [ 1.33366239e-04  2.79446292e-04  2.46249527e-04 ...  2.47535998e-04\n",
      "     2.82652512e-04  2.00069092e-04]\n",
      "   [ 1.52286144e-04  3.19089737e-04  2.81183537e-04 ...  2.82652512e-04\n",
      "     3.22750805e-04  2.28451748e-04]\n",
      "   [ 1.07792251e-04  2.25860345e-04  1.99029312e-04 ...  2.00069092e-04\n",
      "     2.28451748e-04  1.61704326e-04]]]\n",
      "\n",
      "\n",
      " [[[ 4.32791442e-05  1.44019760e-04  1.33433041e-04 ...  1.35097904e-04\n",
      "     1.35723880e-04  5.55253486e-05]\n",
      "   [ 1.44019760e-04  4.79253727e-04  4.44024366e-04 ...  4.49564520e-04\n",
      "     4.51647577e-04  1.84771383e-04]\n",
      "   [ 1.33433041e-04  4.44024366e-04  4.11384673e-04 ...  4.16517576e-04\n",
      "     4.18447510e-04  1.71189063e-04]\n",
      "   ...\n",
      "   [ 1.35097904e-04  4.49564520e-04  4.16517576e-04 ...  4.21714524e-04\n",
      "     4.23668538e-04  1.73325013e-04]\n",
      "   [ 1.35723880e-04  4.51647577e-04  4.18447510e-04 ...  4.23668538e-04\n",
      "     4.25631606e-04  1.74128114e-04]\n",
      "   [ 5.55253486e-05  1.84771383e-04  1.71189063e-04 ...  1.73325013e-04\n",
      "     1.74128114e-04  7.12367213e-05]]\n",
      "\n",
      "  [[ 1.82992970e-05  9.34896383e-05  1.02430810e-04 ...  9.33517846e-05\n",
      "     6.46463545e-05  7.95837444e-06]\n",
      "   [ 9.34896383e-05  4.77631050e-04  5.23310779e-04 ...  4.76926767e-04\n",
      "     3.30273031e-04  4.06586956e-05]\n",
      "   [ 1.02430810e-04  5.23310779e-04  5.73359230e-04 ...  5.22539139e-04\n",
      "     3.61859718e-04  4.45472162e-05]\n",
      "   ...\n",
      "   [ 9.33517846e-05  4.76926767e-04  5.22539139e-04 ...  4.76223522e-04\n",
      "     3.29786032e-04  4.05987429e-05]\n",
      "   [ 6.46463545e-05  3.30273031e-04  3.61859718e-04 ...  3.29786032e-04\n",
      "     2.28377688e-04  2.81147355e-05]\n",
      "   [ 7.95837444e-06  4.06586956e-05  4.45472162e-05 ...  4.05987429e-05\n",
      "     2.81147355e-05  3.46110146e-06]]\n",
      "\n",
      "  [[ 1.35841597e-05  6.43696934e-05  4.88496811e-05 ...  4.89334206e-05\n",
      "     5.81683084e-05  1.54021695e-05]\n",
      "   [ 6.43696934e-05  3.05021253e-04  2.31478358e-04 ...  2.31875165e-04\n",
      "     2.75635464e-04  7.29844867e-05]\n",
      "   [ 4.88496811e-05  2.31478358e-04  1.75667203e-04 ...  1.75968336e-04\n",
      "     2.09177702e-04  5.53873836e-05]\n",
      "   ...\n",
      "   [ 4.89334206e-05  2.31875165e-04  1.75968336e-04 ...  1.76269986e-04\n",
      "     2.09536280e-04  5.54823302e-05]\n",
      "   [ 5.81683084e-05  2.75635464e-04  2.09177702e-04 ...  2.09536280e-04\n",
      "     2.49080706e-04  6.59531514e-05]\n",
      "   [ 1.54021695e-05  7.29844867e-05  5.53873836e-05 ...  5.54823302e-05\n",
      "     6.59531514e-05  1.74634890e-05]]\n",
      "\n",
      "  ...\n",
      "\n",
      "  [[ 7.81685574e-07  2.48681613e-05  1.78700548e-05 ...  1.68761585e-05\n",
      "     1.96964739e-05  6.93420075e-07]\n",
      "   [ 2.48681613e-05  7.91143484e-04  5.68509155e-04 ...  5.36889828e-04\n",
      "     6.26613956e-04  2.20601260e-05]\n",
      "   [ 1.78700548e-05  5.68509155e-04  4.08525970e-04 ...  3.85804583e-04\n",
      "     4.50279599e-04  1.58522239e-05]\n",
      "   ...\n",
      "   [ 1.68761585e-05  5.36889828e-04  3.85804583e-04 ...  3.64346914e-04\n",
      "     4.25235960e-04  1.49705553e-05]\n",
      "   [ 1.96964739e-05  6.26613956e-04  4.50279599e-04 ...  4.25235960e-04\n",
      "     4.96300681e-04  1.74724094e-05]\n",
      "   [ 6.93420075e-07  2.20601260e-05  1.58522239e-05 ...  1.49705553e-05\n",
      "     1.74724094e-05  6.15121240e-07]]\n",
      "\n",
      "  [[ 7.02419502e-05  2.40304695e-04  2.07778169e-04 ...  1.96759174e-04\n",
      "     2.12162960e-04  1.19940343e-04]\n",
      "   [ 2.40304695e-04  8.22106253e-04  7.10829775e-04 ...  6.73132696e-04\n",
      "     7.25830578e-04  4.10327838e-04]\n",
      "   [ 2.07778169e-04  7.10829775e-04  6.14615163e-04 ...  5.82020585e-04\n",
      "     6.27585527e-04  3.54787770e-04]\n",
      "   ...\n",
      "   [ 1.96759174e-04  6.73132696e-04  5.82020585e-04 ...  5.51154579e-04\n",
      "     5.94303099e-04  3.35972488e-04]\n",
      "   [ 2.12162960e-04  7.25830578e-04  6.27585527e-04 ...  5.94303099e-04\n",
      "     6.40829608e-04  3.62274938e-04]\n",
      "   [ 1.19940343e-04  4.10327838e-04  3.54787770e-04 ...  3.35972488e-04\n",
      "     3.62274938e-04  2.04801915e-04]]\n",
      "\n",
      "  [[ 2.10071610e-05  1.32122967e-04  1.22491328e-04 ...  1.04761407e-04\n",
      "     1.06756240e-04  1.42338301e-05]\n",
      "   [ 1.32122967e-04  8.30977508e-04  7.70400041e-04 ...  6.58889027e-04\n",
      "     6.71435379e-04  8.95226088e-05]\n",
      "   [ 1.22491328e-04  7.70400041e-04  7.14238613e-04 ...  6.10856646e-04\n",
      "     6.22488380e-04  8.29964960e-05]\n",
      "   ...\n",
      "   [ 1.04761407e-04  6.58889027e-04  6.10856646e-04 ...  5.22438629e-04\n",
      "     5.32386736e-04  7.09832264e-05]\n",
      "   [ 1.06756240e-04  6.71435379e-04  6.22488380e-04 ...  5.32386736e-04\n",
      "     5.42524272e-04  7.23348660e-05]\n",
      "   [ 1.42338301e-05  8.95226088e-05  8.29964960e-05 ...  7.09832264e-05\n",
      "     7.23348660e-05  9.64442166e-06]]]\n",
      "\n",
      "\n",
      " [[[ 8.53462855e-06  3.28396761e-05  5.65354189e-05 ...  6.22578694e-05\n",
      "     4.00994537e-05  1.30971759e-05]\n",
      "   [ 3.28396761e-05  1.26361015e-04  2.17537862e-04 ...  2.39556796e-04\n",
      "     1.54295300e-04  5.03955165e-05]\n",
      "   [ 5.65354189e-05  2.17537862e-04  3.74504124e-04 ...  4.12411004e-04\n",
      "     2.65628363e-04  8.67588225e-05]\n",
      "   ...\n",
      "   [ 6.22578694e-05  2.39556796e-04  4.12411004e-04 ...  4.54154775e-04\n",
      "     2.92514962e-04  9.55404515e-05]\n",
      "   [ 4.00994537e-05  1.54295300e-04  2.65628363e-04 ...  2.92514962e-04\n",
      "     1.88404940e-04  6.15363157e-05]\n",
      "   [ 1.30971759e-05  5.03955165e-05  8.67588225e-05 ...  9.55404515e-05\n",
      "     6.15363157e-05  2.00988262e-05]]\n",
      "\n",
      "  [[ 7.44570915e-05  1.13897341e-04  1.98394712e-04 ...  2.09914695e-04\n",
      "     1.38603056e-04  7.68420129e-05]\n",
      "   [ 1.13897341e-04  1.74229264e-04  3.03485265e-04 ...  3.21107433e-04\n",
      "     2.12021705e-04  1.17545566e-04]\n",
      "   [ 1.98394712e-04  3.03485265e-04  5.28632814e-04 ...  5.59328394e-04\n",
      "     3.69314901e-04  2.04749457e-04]\n",
      "   ...\n",
      "   [ 2.09914695e-04  3.21107433e-04  5.59328394e-04 ...  5.91806343e-04\n",
      "     3.90759531e-04  2.16638434e-04]\n",
      "   [ 1.38603056e-04  2.12021705e-04  3.69314901e-04 ...  3.90759531e-04\n",
      "     2.58011785e-04  1.43042625e-04]\n",
      "   [ 7.68420129e-05  1.17545566e-04  2.04749457e-04 ...  2.16638434e-04\n",
      "     1.43042625e-04  7.93033254e-05]]\n",
      "\n",
      "  [[ 1.42468153e-04  1.67250964e-04  2.57321032e-04 ...  2.85156924e-04\n",
      "     2.19143800e-04  1.65286368e-04]\n",
      "   [ 1.67250964e-04  1.96344827e-04  3.02082884e-04 ...  3.34760922e-04\n",
      "     2.57264595e-04  1.94038483e-04]\n",
      "   [ 2.57321032e-04  3.02082884e-04  4.64764315e-04 ...  5.15040537e-04\n",
      "     3.95809923e-04  2.98534499e-04]\n",
      "   ...\n",
      "   [ 2.85156924e-04  3.34760922e-04  5.15040537e-04 ...  5.70755425e-04\n",
      "     4.38626953e-04  3.30828688e-04]\n",
      "   [ 2.19143800e-04  2.57264595e-04  3.95809923e-04 ...  4.38626953e-04\n",
      "     3.37085896e-04  2.54242663e-04]\n",
      "   [ 1.65286368e-04  1.94038483e-04  2.98534499e-04 ...  3.30828688e-04\n",
      "     2.54242663e-04  1.91759230e-04]]\n",
      "\n",
      "  ...\n",
      "\n",
      "  [[ 3.57896283e-05  1.28039972e-04  1.14537601e-04 ...  1.04508060e-04\n",
      "     1.15155127e-04  3.70069724e-05]\n",
      "   [ 1.28039972e-04  4.58072219e-04  4.09766512e-04 ...  3.73885109e-04\n",
      "     4.11975756e-04  1.32395108e-04]\n",
      "   [ 1.14537601e-04  4.09766512e-04  3.66554853e-04 ...  3.34457299e-04\n",
      "     3.68531122e-04  1.18433469e-04]\n",
      "   ...\n",
      "   [ 1.04508060e-04  3.73885109e-04  3.34457299e-04 ...  3.05170383e-04\n",
      "     3.36260516e-04  1.08062785e-04]\n",
      "   [ 1.15155127e-04  4.11975756e-04  3.68531122e-04 ...  3.36260516e-04\n",
      "     3.70518047e-04  1.19071999e-04]\n",
      "   [ 3.70069724e-05  1.32395108e-04  1.18433469e-04 ...  1.08062785e-04\n",
      "     1.19071999e-04  3.82657232e-05]]\n",
      "\n",
      "  [[ 7.00809741e-05  2.25454332e-04  2.29283199e-04 ...  2.27384946e-04\n",
      "     2.07032391e-04  9.68362456e-05]\n",
      "   [ 2.25454332e-04  7.25298936e-04  7.37616612e-04 ...  7.31509825e-04\n",
      "     6.66034542e-04  3.11527506e-04]\n",
      "   [ 2.29283199e-04  7.37616612e-04  7.50143476e-04 ...  7.43932979e-04\n",
      "     6.77345736e-04  3.16818145e-04]\n",
      "   ...\n",
      "   [ 2.27384946e-04  7.31509825e-04  7.43932979e-04 ...  7.37773898e-04\n",
      "     6.71737937e-04  3.14195182e-04]\n",
      "   [ 2.07032391e-04  6.66034542e-04  6.77345736e-04 ...  6.71737937e-04\n",
      "     6.11612660e-04  2.86072500e-04]\n",
      "   [ 9.68362456e-05  3.11527506e-04  3.16818145e-04 ...  3.14195182e-04\n",
      "     2.86072500e-04  1.33806052e-04]]\n",
      "\n",
      "  [[ 9.23090281e-05  2.17267572e-04  2.10061244e-04 ...  2.05480704e-04\n",
      "     2.05721670e-04  1.21912871e-04]\n",
      "   [ 2.17267572e-04  5.11382241e-04  4.94420723e-04 ...  4.83639515e-04\n",
      "     4.84206677e-04  2.86946077e-04]\n",
      "   [ 2.10061244e-04  4.94420723e-04  4.78021784e-04 ...  4.67598167e-04\n",
      "     4.68146518e-04  2.77428654e-04]\n",
      "   ...\n",
      "   [ 2.05480704e-04  4.83639515e-04  4.67598167e-04 ...  4.57401845e-04\n",
      "     4.57938238e-04  2.71379118e-04]\n",
      "   [ 2.05721670e-04  4.84206677e-04  4.68146518e-04 ...  4.57938238e-04\n",
      "     4.58475260e-04  2.71697363e-04]\n",
      "   [ 1.21912871e-04  2.86946077e-04  2.77428654e-04 ...  2.71379118e-04\n",
      "     2.71697363e-04  1.61010776e-04]]]\n",
      "\n",
      "\n",
      " ...\n",
      "\n",
      "\n",
      " [[[ 8.31614899e-07 -1.46466219e-05 -5.21068609e-06 ... -6.53814982e-06\n",
      "    -7.27417151e-06  1.36638084e-06]\n",
      "   [-1.46466219e-05  2.57960186e-04  9.17719839e-05 ...  1.15151627e-04\n",
      "     1.28114636e-04 -2.40650614e-05]\n",
      "   [-5.21068609e-06  9.17719839e-05  3.26488252e-05 ...  4.09663732e-05\n",
      "     4.55780967e-05 -8.56139261e-06]\n",
      "   ...\n",
      "   [-6.53814982e-06  1.15151627e-04  4.09663732e-05 ...  5.14028826e-05\n",
      "     5.71894794e-05 -1.07424755e-05]\n",
      "   [-7.27417151e-06  1.28114636e-04  4.55780967e-05 ...  5.71894794e-05\n",
      "     6.36274930e-05 -1.19517924e-05]\n",
      "   [ 1.36638084e-06 -2.40650614e-05 -8.56139261e-06 ... -1.07424755e-05\n",
      "    -1.19517924e-05  2.24502545e-06]]\n",
      "\n",
      "  [[ 8.66282317e-06 -3.90742010e-05 -8.06080840e-06 ... -1.45181575e-05\n",
      "    -1.76922498e-05  1.10343310e-05]\n",
      "   [-3.90742010e-05  1.76246606e-04  3.63587761e-05 ...  6.54850496e-05\n",
      "     7.98019898e-05 -4.97710340e-05]\n",
      "   [-8.06080840e-06  3.63587761e-05  7.50063009e-06 ...  1.35092318e-05\n",
      "     1.64627435e-05 -1.02675105e-05]\n",
      "   ...\n",
      "   [-1.45181575e-05  6.54850496e-05  1.35092318e-05 ...  2.43312017e-05\n",
      "     2.96507114e-05 -1.84926036e-05]\n",
      "   [-1.76922498e-05  7.98019898e-05  1.64627435e-05 ...  2.96507114e-05\n",
      "     3.61332210e-05 -2.25356257e-05]\n",
      "   [ 1.10343310e-05 -4.97710340e-05 -1.02675105e-05 ... -1.84926036e-05\n",
      "    -2.25356257e-05  1.40550555e-05]]\n",
      "\n",
      "  [[ 3.08107498e-05 -5.61567251e-05  6.52621830e-06 ...  8.70981422e-07\n",
      "    -1.68969312e-05  4.03404104e-05]\n",
      "   [-5.61567251e-05  1.02353166e-04 -1.18949084e-05 ... -1.58748049e-06\n",
      "     3.07969241e-05 -7.35258101e-05]\n",
      "   [ 6.52621830e-06 -1.18949084e-05  1.38235926e-06 ...  1.84488042e-07\n",
      "    -3.57904507e-06  8.54475554e-06]\n",
      "   ...\n",
      "   [ 8.70981422e-07 -1.58748049e-06  1.84488042e-07 ...  2.46215572e-08\n",
      "    -4.77655147e-07  1.14037303e-06]\n",
      "   [-1.68969312e-05  3.07969241e-05 -3.57904507e-06 ... -4.77655147e-07\n",
      "     9.26645043e-06 -2.21230949e-05]\n",
      "   [ 4.03404104e-05 -7.35258101e-05  8.54475554e-06 ...  1.14037303e-06\n",
      "    -2.21230949e-05  5.28175628e-05]]\n",
      "\n",
      "  ...\n",
      "\n",
      "  [[ 4.06788868e-05  4.00851515e-05  5.10325448e-05 ...  5.76554235e-05\n",
      "     3.38490910e-05  5.73117864e-05]\n",
      "   [ 4.00851515e-05  3.95000821e-05  5.02876909e-05 ...  5.68139043e-05\n",
      "     3.33550410e-05  5.64752829e-05]\n",
      "   [ 5.10325448e-05  5.02876909e-05  6.40214330e-05 ...  7.23299778e-05\n",
      "     4.24644179e-05  7.18988777e-05]\n",
      "   ...\n",
      "   [ 5.76554235e-05  5.68139043e-05  7.23299778e-05 ...  8.17167853e-05\n",
      "     4.79753461e-05  8.12297380e-05]\n",
      "   [ 3.38490910e-05  3.33550410e-05  4.24644179e-05 ...  4.79753461e-05\n",
      "     2.81659861e-05  4.76894041e-05]\n",
      "   [ 5.73117864e-05  5.64752829e-05  7.18988777e-05 ...  8.12297380e-05\n",
      "     4.76894041e-05  8.07455936e-05]]\n",
      "\n",
      "  [[ 8.38583696e-05  1.31446609e-04  1.32570970e-04 ...  1.57142786e-04\n",
      "     1.18910191e-04  1.17375736e-04]\n",
      "   [ 1.31446609e-04  2.06040390e-04  2.07802806e-04 ...  2.46318722e-04\n",
      "     1.86389760e-04  1.83984528e-04]\n",
      "   [ 1.32570970e-04  2.07802806e-04  2.09580298e-04 ...  2.48425669e-04\n",
      "     1.87984091e-04  1.85558285e-04]\n",
      "   ...\n",
      "   [ 1.57142786e-04  2.46318722e-04  2.48425669e-04 ...  2.94470967e-04\n",
      "     2.22826639e-04  2.19951214e-04]\n",
      "   [ 1.18910191e-04  1.86389760e-04  1.87984091e-04 ...  2.22826639e-04\n",
      "     1.68613265e-04  1.66437426e-04]\n",
      "   [ 1.17375736e-04  1.83984528e-04  1.85558285e-04 ...  2.19951214e-04\n",
      "     1.66437426e-04  1.64289665e-04]]\n",
      "\n",
      "  [[ 5.62239312e-05  7.75531524e-05  9.23995915e-05 ...  9.13902536e-05\n",
      "     6.69221873e-05  7.26203549e-05]\n",
      "   [ 7.75531524e-05  1.06973869e-04  1.27452482e-04 ...  1.26060240e-04\n",
      "     9.23099200e-05  1.00169756e-04]\n",
      "   [ 9.23995915e-05  1.27452482e-04  1.51851433e-04 ...  1.50192666e-04\n",
      "     1.09981331e-04  1.19345819e-04]\n",
      "   ...\n",
      "   [ 9.13902536e-05  1.26060240e-04  1.50192666e-04 ...  1.48552018e-04\n",
      "     1.08779937e-04  1.18042131e-04]\n",
      "   [ 6.69221873e-05  9.23099200e-05  1.09981331e-04 ...  1.08779937e-04\n",
      "     7.96561011e-05  8.64385127e-05]\n",
      "   [ 7.26203549e-05  1.00169756e-04  1.19345819e-04 ...  1.18042131e-04\n",
      "     8.64385127e-05  9.37984206e-05]]]\n",
      "\n",
      "\n",
      " [[[ 3.45528382e-05  4.38878428e-06  9.77719442e-06 ... -1.76319234e-05\n",
      "    -1.00485072e-05  4.13463997e-05]\n",
      "   [ 4.38878428e-06  5.57448488e-07  1.24186606e-06 ... -2.23954709e-06\n",
      "    -1.27632729e-06  5.25167941e-06]\n",
      "   [ 9.77719442e-06  1.24186606e-06  2.76658983e-06 ... -4.98919198e-06\n",
      "    -2.84336146e-06  1.16995248e-05]\n",
      "   ...\n",
      "   [-1.76319234e-05 -2.23954709e-06 -4.98919198e-06 ...  8.99737155e-06\n",
      "     5.12763982e-06 -2.10986012e-05]\n",
      "   [-1.00485072e-05 -1.27632729e-06 -2.84336146e-06 ...  5.12763982e-06\n",
      "     2.92226347e-06 -1.20241814e-05]\n",
      "   [ 4.13463997e-05  5.25167941e-06  1.16995248e-05 ... -2.10986012e-05\n",
      "    -1.20241814e-05  4.94756685e-05]]\n",
      "\n",
      "  [[ 3.73519185e-05  6.84187068e-06  2.41183358e-05 ... -1.22568268e-05\n",
      "    -1.11702694e-05  4.55357296e-05]\n",
      "   [ 6.84187068e-06  1.25324739e-06  4.41783290e-06 ... -2.24512226e-06\n",
      "    -2.04609406e-06  8.34092560e-06]\n",
      "   [ 2.41183358e-05  4.41783290e-06  1.55733399e-05 ... -7.91429935e-06\n",
      "    -7.21270337e-06  2.94026669e-05]\n",
      "   ...\n",
      "   [-1.22568268e-05 -2.24512226e-06 -7.91429935e-06 ...  4.02201035e-06\n",
      "     3.66546252e-06 -1.49422994e-05]\n",
      "   [-1.11702694e-05 -2.04609406e-06 -7.21270337e-06 ...  3.66546252e-06\n",
      "     3.34052235e-06 -1.36176772e-05]\n",
      "   [ 4.55357296e-05  8.34092560e-06  2.94026669e-05 ... -1.49422994e-05\n",
      "    -1.36176772e-05  5.55126150e-05]]\n",
      "\n",
      "  [[ 1.35925386e-05  6.05745253e-06  4.71053962e-06 ... -2.26182877e-05\n",
      "    -1.49706591e-05  1.81918919e-05]\n",
      "   [ 6.05745253e-06  2.69947595e-06  2.09923039e-06 ... -1.00797362e-05\n",
      "    -6.67160558e-06  8.10713325e-06]\n",
      "   [ 4.71053962e-06  2.09923039e-06  1.63245322e-06 ... -7.83844306e-06\n",
      "    -5.18813185e-06  6.30446086e-06]\n",
      "   ...\n",
      "   [-2.26182877e-05 -1.00797362e-05 -7.83844306e-06 ...  3.76373355e-05\n",
      "     2.49115108e-05 -3.02717142e-05]\n",
      "   [-1.49706591e-05 -6.67160558e-06 -5.18813185e-06 ...  2.49115108e-05\n",
      "     1.64885044e-05 -2.00363317e-05]\n",
      "   [ 1.81918919e-05  8.10713325e-06  6.30446086e-06 ... -3.02717142e-05\n",
      "    -2.00363317e-05  2.43475440e-05]]\n",
      "\n",
      "  ...\n",
      "\n",
      "  [[ 1.07506947e-05  1.08658119e-04  7.54979247e-05 ...  8.15565718e-05\n",
      "     8.77465738e-05  7.38212029e-06]\n",
      "   [ 1.08658119e-04  1.09821618e-03  7.63063478e-04 ...  8.24298702e-04\n",
      "     8.86861540e-04  7.46116718e-05]\n",
      "   [ 7.54979247e-05  7.63063478e-04  5.30192399e-04 ...  5.72739908e-04\n",
      "     6.16209872e-04  5.18417438e-05]\n",
      "   ...\n",
      "   [ 8.15565718e-05  8.24298702e-04  5.72739908e-04 ...  6.18701820e-04\n",
      "     6.65660213e-04  5.60020015e-05]\n",
      "   [ 8.77465738e-05  8.86861540e-04  6.16209872e-04 ...  6.65660213e-04\n",
      "     7.16182666e-04  6.02524561e-05]\n",
      "   [ 7.38212029e-06  7.46116718e-05  5.18417438e-05 ...  5.60020015e-05\n",
      "     6.02524561e-05  5.06903984e-06]]\n",
      "\n",
      "  [[ 3.21037071e-07 -1.48788455e-05 -1.03832205e-05 ... -1.17346196e-05\n",
      "    -1.10276355e-05  1.15212156e-06]\n",
